465,32,301,32,301,57,465,57,character
511,63,50,55,49,73,510,81,character
229,107,22,105,21,122,228,124,character
495,123,14,123,14,152,495,152,character
511,155,14,152,13,178,510,180,character
172,193,171,175,13,177,14,195,character
244,197,244,178,187,178,187,197,character
511,201,511,184,439,184,439,201,character
236,198,14,198,14,223,236,223,character
511,207,439,207,439,226,511,226,character
215,232,14,229,13,246,214,249,character
511,236,230,230,229,249,510,255,character
308,261,14,257,13,274,307,278,character
511,265,324,261,323,279,510,283,character
308,289,101,287,100,304,307,306,character
438,309,438,292,324,292,324,309,character
129,311,14,308,13,325,128,328,character
511,340,14,332,13,351,510,358,character
57,373,57,358,14,358,14,373,character
394,385,7,377,6,396,393,404,character
511,411,7,404,6,423,510,430,character
511,437,7,427,6,445,510,455,character
511,461,7,451,6,469,510,479,character
402,483,14,476,13,493,401,500,character
