210,3,95,3,96,22,210,22,character
511,33,111,29,110,51,510,55,character
261,61,46,59,45,80,260,82,character
511,90,89,90,89,112,511,112,character
511,142,511,120,89,120,89,142,character
412,150,46,148,45,168,411,170,character
511,179,89,177,88,198,510,201,character
318,209,46,205,45,226,317,230,character
218,256,217,235,81,237,82,258,character
511,289,511,267,82,267,82,289,character
511,297,46,295,45,316,510,318,character
511,328,46,325,45,345,510,348,character
160,356,46,354,45,374,159,376,character
511,384,82,382,81,404,510,406,character
88,414,46,412,45,432,87,434,character
303,442,88,442,89,463,303,463,character
426,492,426,471,89,471,89,492,character
