511,17,0,0,0,21,510,39,character
511,0,136,0,136,13,511,13,FFF
511,42,0,23,0,46,510,65,character
511,68,0,51,0,71,510,89,character
511,93,0,76,0,98,510,115,character
511,119,0,101,0,124,510,142,character
511,144,0,125,0,150,510,169,character
246,160,0,152,0,173,245,182,character
511,193,0,177,0,202,510,217,character
511,220,0,202,0,224,510,241,character
511,244,0,225,0,250,510,269,character
279,261,0,252,0,274,278,283,character
511,293,0,278,0,302,510,317,character
511,320,0,302,0,324,510,342,character
511,344,0,326,0,349,510,367,character
511,370,0,353,0,376,510,393,character
511,395,0,377,0,401,510,418,character
511,421,0,404,0,426,510,443,character
511,446,0,429,0,451,510,469,character
511,471,0,454,0,475,510,492,character
511,495,0,478,0,502,510,518,character
