511,75,73,73,72,93,510,95,character
511,100,36,96,35,115,510,119,character
409,123,44,119,43,137,408,141,character
511,145,73,143,72,162,510,164,character
511,169,36,165,35,184,510,188,character
511,191,66,188,65,206,510,209,character
511,213,36,210,35,228,510,231,character
321,234,36,231,35,250,320,253,character
328,257,66,255,65,274,327,276,character
270,279,36,277,35,296,269,298,character
204,319,204,302,80,302,80,319,character
511,326,66,323,65,342,510,345,character
511,349,66,344,65,363,510,368,character
511,371,73,366,72,384,510,389,character
336,391,36,389,35,407,335,409,character
511,414,66,412,65,431,510,433,character
511,437,36,432,35,451,510,456,character
270,458,36,455,35,473,269,476,character
511,482,66,479,65,497,510,500,character
510,500,36,500,36,511,510,511,character
