218,59,182,47,176,66,212,78,character
181,50,52,50,52,69,181,69,character
511,51,369,51,369,74,511,74,character
237,76,231,57,205,65,211,84,character
321,102,317,71,215,83,218,114,character
203,82,168,82,168,102,203,102,character
44,144,44,126,16,126,16,144,character
511,148,9,146,8,166,510,168,character
74,173,16,169,14,187,72,191,character
511,194,9,192,8,211,510,213,character
511,217,9,215,8,233,510,235,character
181,239,16,237,15,255,180,257,character
511,262,9,259,8,279,510,282,character
246,303,246,285,9,285,9,303,character
510,306,9,306,9,325,510,325,character
159,348,159,330,16,330,16,348,character
511,371,511,353,9,353,9,371,character
511,392,511,375,9,375,9,392,character
511,416,511,398,9,398,9,416,character
66,423,9,420,8,437,65,440,character
